1 {1=42280, 2=812682, 3=4723884, 4=7558154} [[0, 1, 3, 57, 68, 129], [0, 4, 21, 48, 62, 74], [0, 5, 42, 76, 92, 127], [0, 6, 36, 45, 55, 88], [0, 7, 20, 38, 111, 143]]
1 {1=43488, 2=816306, 3=4691268, 4=7585938} [[0, 1, 3, 12, 40, 58], [0, 4, 33, 74, 121, 135], [0, 5, 27, 50, 92, 130], [0, 6, 60, 85, 95, 138], [0, 7, 15, 51, 82, 134]]
1 {1=38656, 2=726612, 3=4685832, 4=7685900} [[0, 1, 3, 25, 52, 143], [0, 4, 16, 30, 61, 78], [0, 5, 20, 43, 64, 101], [0, 6, 42, 71, 110, 117], [0, 10, 28, 63, 82, 95]]
1 {0=1510, 1=53152, 2=918684, 3=4687040, 4=7476614} [[0, 1, 3, 12, 80, 96], [0, 4, 30, 37, 54, 119], [0, 5, 13, 34, 112, 137], [0, 6, 47, 70, 98, 108], [0, 15, 35, 57, 75, 120]]
1 {0=1510, 1=42280, 2=858888, 3=4752272, 4=7482050} [[0, 1, 3, 11, 46, 136], [0, 4, 68, 80, 100, 134], [0, 5, 29, 65, 98, 142], [0, 6, 37, 62, 110, 129], [0, 7, 49, 88, 101, 128]]
1 {1=42280, 2=781878, 3=4622412, 4=7690430} [[0, 1, 3, 16, 37, 127], [0, 4, 35, 78, 87, 92], [0, 6, 26, 48, 71, 81], [0, 7, 19, 51, 69, 98], [0, 8, 38, 49, 66, 105]]
1 {1=33824, 2=822648, 3=4718448, 4=7562080} [[0, 1, 3, 9, 20, 65], [0, 4, 35, 51, 81, 114], [0, 5, 26, 58, 117, 129], [0, 7, 25, 49, 101, 115], [0, 10, 23, 38, 78, 107]]
1 {1=35032, 2=716646, 3=4738380, 4=7646942} [[0, 1, 3, 12, 42, 70], [0, 4, 14, 78, 104, 131], [0, 5, 22, 40, 55, 76], [0, 6, 19, 68, 105, 113], [0, 7, 23, 66, 95, 126]]
1 {0=1510, 1=57984, 2=731142, 3=4692476, 4=7653888} [[0, 1, 3, 8, 29, 110], [0, 4, 36, 51, 63, 82], [0, 6, 23, 58, 80, 118], [0, 9, 20, 34, 96, 106], [0, 13, 43, 61, 111, 127]]
1 {1=31408, 2=755604, 3=4609728, 4=7740260} [[0, 1, 4, 19, 60, 108], [0, 2, 53, 85, 116, 139], [0, 5, 45, 75, 117, 127], [0, 6, 17, 26, 33, 90], [0, 8, 21, 46, 101, 123]]
1 {0=1510, 1=38656, 2=795468, 3=4625432, 4=7675934} [[0, 1, 4, 15, 21, 54], [0, 2, 67, 91, 96, 104], [0, 7, 52, 80, 92, 128], [0, 9, 35, 79, 117, 135], [0, 10, 41, 68, 87, 129]]
1 {1=35032, 2=795468, 3=4656840, 4=7649660} [[0, 1, 3, 20, 46, 117], [0, 4, 52, 62, 122, 127], [0, 6, 42, 57, 73, 98], [0, 7, 21, 90, 128, 140], [0, 8, 47, 74, 87, 96]]
1 {1=41072, 2=790032, 3=4638720, 4=7667176} [[0, 1, 3, 15, 50, 96], [0, 4, 79, 98, 118, 124], [0, 5, 21, 28, 90, 108], [0, 8, 32, 91, 129, 142], [0, 10, 44, 73, 84, 109]]
1 {0=1510, 1=45904, 2=786408, 3=4716032, 4=7587146} [[0, 1, 3, 12, 40, 58], [0, 4, 33, 74, 121, 135], [0, 5, 27, 50, 92, 130], [0, 6, 60, 85, 95, 138], [0, 7, 24, 76, 107, 143]]
1 {1=32616, 2=688560, 3=4703952, 4=7711872} [[0, 1, 3, 25, 52, 143], [0, 4, 16, 30, 61, 78], [0, 5, 20, 43, 64, 101], [0, 6, 42, 71, 110, 117], [0, 10, 66, 79, 98, 133]]
1 {1=50736, 2=766476, 3=4714824, 4=7604964} [[0, 1, 3, 36, 52, 143], [0, 4, 42, 72, 89, 126], [0, 5, 24, 64, 95, 141], [0, 6, 18, 32, 75, 130], [0, 7, 65, 88, 110, 138]]
1 {0=1510, 1=45904, 2=820836, 3=4621808, 4=7646942} [[0, 1, 3, 10, 102, 117], [0, 4, 23, 76, 93, 123], [0, 5, 21, 43, 61, 69], [0, 6, 20, 45, 74, 86], [0, 11, 24, 57, 84, 120]]
1 {1=47112, 2=871572, 3=4714824, 4=7503492} [[0, 1, 3, 57, 68, 129], [0, 4, 21, 48, 62, 74], [0, 5, 42, 76, 92, 127], [0, 6, 36, 45, 55, 88], [0, 7, 15, 47, 120, 138]]
1 {0=1510, 1=42280, 2=846204, 3=4752272, 4=7494734} [[0, 1, 3, 12, 40, 58], [0, 4, 20, 34, 81, 122], [0, 5, 27, 50, 92, 130], [0, 6, 60, 85, 95, 138], [0, 7, 15, 51, 82, 134]]
1 {1=30200, 2=778254, 3=4684020, 4=7644526} [[0, 1, 3, 61, 129, 133], [0, 5, 80, 94, 123, 143], [0, 6, 40, 52, 84, 121], [0, 7, 17, 48, 104, 113], [0, 11, 27, 53, 112, 127]]
1 {1=24160, 2=722082, 3=4651404, 4=7739354} [[0, 1, 3, 22, 73, 90], [0, 4, 13, 50, 88, 106], [0, 5, 28, 40, 48, 122], [0, 6, 16, 30, 115, 126], [0, 7, 33, 60, 104, 119]]
1 {1=51944, 2=895128, 3=4656840, 4=7533088} [[0, 1, 3, 7, 93, 109], [0, 5, 73, 99, 117, 137], [0, 8, 30, 41, 62, 77], [0, 9, 75, 88, 100, 123], [0, 10, 50, 81, 105, 134]]
1 {1=39864, 2=837144, 3=4664088, 4=7595904} [[0, 1, 3, 9, 20, 65], [0, 4, 35, 51, 81, 114], [0, 5, 26, 58, 117, 129], [0, 7, 43, 57, 109, 133], [0, 10, 23, 38, 78, 107]]
1 {0=1510, 1=44696, 2=815400, 3=4665296, 4=7610098} [[0, 1, 3, 17, 44, 144], [0, 4, 9, 64, 70, 126], [0, 11, 30, 50, 88, 109], [0, 12, 35, 57, 83, 111], [0, 13, 31, 46, 78, 115]]
1 {1=38656, 2=748356, 3=4703952, 4=7646036} [[0, 1, 3, 16, 37, 127], [0, 4, 63, 68, 77, 120], [0, 6, 76, 86, 109, 131], [0, 7, 60, 89, 107, 139], [0, 8, 54, 93, 110, 121]]
1 {0=3020, 1=56776, 2=794562, 3=4682812, 4=7599830} [[0, 1, 3, 10, 88, 129], [0, 4, 24, 59, 71, 136], [0, 5, 16, 33, 62, 130], [0, 6, 36, 50, 81, 108], [0, 8, 42, 60, 98, 111]]
1 {0=1510, 1=45904, 2=802716, 3=4759520, 4=7527350} [[0, 1, 3, 17, 113, 121], [0, 4, 23, 79, 106, 130], [0, 5, 18, 70, 85, 92], [0, 6, 26, 35, 63, 117], [0, 10, 42, 53, 103, 115]]
1 {0=1510, 1=30200, 2=842580, 3=4665296, 4=7597414} [[0, 1, 3, 8, 27, 99], [0, 4, 15, 44, 54, 86], [0, 6, 20, 43, 68, 81], [0, 9, 31, 66, 87, 115], [0, 12, 30, 46, 63, 104]]
1 {1=27784, 2=768288, 3=4656840, 4=7684088} [[0, 1, 3, 14, 85, 117], [0, 4, 9, 45, 65, 109], [0, 6, 24, 31, 53, 83], [0, 8, 23, 62, 81, 102], [0, 10, 26, 38, 101, 134]]
1 {1=43488, 2=871572, 3=4682208, 4=7539732} [[0, 1, 3, 15, 50, 96], [0, 4, 79, 98, 118, 124], [0, 5, 21, 28, 90, 108], [0, 8, 32, 91, 129, 142], [0, 10, 52, 77, 88, 117]]
1 {0=1510, 1=45904, 2=831708, 3=4658048, 4=7599830} [[0, 1, 3, 12, 80, 96], [0, 4, 36, 101, 118, 125], [0, 5, 19, 44, 122, 143], [0, 6, 49, 59, 87, 110], [0, 15, 46, 91, 109, 131]]
1 {1=43488, 2=836238, 3=4589796, 4=7667478} [[0, 1, 3, 12, 55, 144], [0, 4, 28, 60, 78, 111], [0, 5, 72, 87, 109, 125], [0, 6, 20, 45, 81, 130], [0, 13, 48, 71, 105, 134]]
1 {1=50736, 2=817212, 3=4725696, 4=7543356} [[0, 1, 3, 8, 27, 99], [0, 4, 69, 101, 111, 140], [0, 6, 76, 89, 114, 137], [0, 9, 45, 73, 94, 129], [0, 12, 59, 100, 117, 133]]
1 {1=45904, 2=810870, 3=4647780, 4=7632446} [[0, 1, 4, 15, 21, 54], [0, 2, 67, 91, 96, 104], [0, 7, 52, 80, 92, 128], [0, 9, 25, 43, 81, 125], [0, 10, 41, 68, 87, 129]]
1 {1=35032, 2=762852, 3=4638720, 4=7700396} [[0, 1, 4, 19, 60, 108], [0, 2, 14, 37, 68, 100], [0, 5, 45, 75, 117, 127], [0, 6, 17, 26, 33, 90], [0, 8, 21, 46, 101, 123]]
1 {0=3020, 1=45904, 2=838956, 3=4796968, 4=7452152} [[0, 1, 3, 11, 46, 136], [0, 4, 21, 55, 75, 87], [0, 5, 29, 65, 98, 142], [0, 6, 37, 62, 110, 129], [0, 7, 49, 88, 101, 128]]
1 {1=26576, 2=798186, 3=4694892, 4=7617346} [[0, 1, 3, 25, 52, 143], [0, 4, 16, 30, 61, 78], [0, 5, 20, 43, 64, 101], [0, 6, 40, 47, 86, 115], [0, 10, 28, 63, 82, 95]]
1 {1=31408, 2=748356, 3=4664088, 4=7693148} [[0, 1, 3, 17, 44, 144], [0, 4, 29, 85, 91, 146], [0, 11, 53, 74, 112, 132], [0, 12, 52, 80, 106, 128], [0, 13, 49, 86, 118, 133]]
1 {0=4530, 1=50736, 2=832614, 3=4626036, 4=7623084} [[0, 1, 3, 10, 102, 117], [0, 4, 32, 62, 79, 132], [0, 5, 87, 95, 113, 135], [0, 6, 71, 83, 112, 137], [0, 11, 42, 78, 105, 138]]
1 {1=33824, 2=763758, 3=4636908, 4=7702510} [[0, 1, 3, 7, 93, 109], [0, 5, 73, 99, 117, 137], [0, 8, 30, 41, 62, 77], [0, 9, 37, 60, 72, 85], [0, 10, 50, 81, 105, 134]]
1 {1=44696, 2=736578, 3=4589796, 4=7765930} [[0, 1, 3, 15, 50, 96], [0, 4, 79, 98, 118, 124], [0, 5, 21, 28, 90, 108], [0, 8, 17, 30, 68, 127], [0, 10, 44, 73, 84, 109]]
1 {1=39864, 2=855264, 3=4732944, 4=7508928} [[0, 1, 3, 57, 68, 129], [0, 4, 21, 48, 62, 74], [0, 5, 29, 64, 80, 114], [0, 6, 36, 45, 55, 88], [0, 7, 20, 38, 111, 143]]
1 {1=26576, 2=699432, 3=4620600, 4=7790392} [[0, 1, 3, 22, 73, 90], [0, 4, 49, 67, 105, 142], [0, 5, 34, 108, 116, 128], [0, 6, 31, 42, 127, 141], [0, 7, 39, 54, 98, 125]]
1 {1=48320, 2=829896, 3=4678584, 4=7580200} [[0, 1, 3, 61, 129, 133], [0, 5, 80, 94, 123, 143], [0, 6, 40, 52, 84, 121], [0, 7, 17, 48, 104, 113], [0, 11, 35, 50, 109, 135]]
1 {0=1510, 1=28992, 2=787314, 3=4638116, 4=7681068} [[0, 1, 3, 8, 29, 110], [0, 4, 36, 51, 63, 82], [0, 6, 23, 58, 80, 118], [0, 9, 54, 64, 126, 140], [0, 13, 43, 61, 111, 127]]
1 {1=30200, 2=840768, 3=4718448, 4=7547584} [[0, 1, 3, 12, 40, 58], [0, 4, 20, 34, 81, 122], [0, 5, 27, 50, 92, 130], [0, 6, 60, 85, 95, 138], [0, 7, 24, 76, 107, 143]]